N e
63    
72
79    
86
98   
105
122   
133
145   
155
171   
180
188   
195
206   
216
222   
259
269   
274
281   
297
312   
320
325   
335
350   
368
387   
393
403   
447
465   
474
480   
493
525   
542
547   
582
588   
617
655   
665
699   
705
714   
719
0.019721
0.026171
0.023097     
0.023261
0.020195     
0.019132
0.016525     
0.014370
0.012343     
0.012142
0.010213     
0.009869
0.087988     
0.009156
0.079767     
0.007057
0.070986     
0.007521
0.075704     
0.006639
0.070055     
0.006104
0.059167     
0.005789
0.056217     
0.006070
0.054732     
0.005305
0.052068     
0.005325
0.048850     
0.004549
0.044169     
0.004403
0.043219     
0.004095
0.041738     
0.003676
0.036300     
0.003482
0.034190     
0.003592
0.034333     
0.003411
0.031522     
0.003069
0.030143
0.002970
