N e
63    
72
82    
89
106   
112
121   
128
153   
163
169   
187
194   
202
217   
237
243   
249
256   
263
272   
278
299   
312
319   
358
376   
382
388   
395
419   
428
433   
439
476   
481
488   
504
510   
531
537   
570
587   
593
604   
610
615   
668
0.003280
0.002539
0.002258
0.002124
0.002222
0.002309
0.003048
0.002557
0.002071
0.002694
0.002744
0.002521
0.002411
0.002811
0.002609
0.002379
0.002197
0.001984
0.001978
0.001850
0.001895
0.001823
0.001710
0.001626
0.001532
0.001354
0.001416
0.001389
0.001346
0.001484
0.001362
0.001776
0.001575
0.001553
0.001492
0.001398
0.001515
0.001314
0.001322
0.001226
0.001279
0.001195
0.001170
0.001155
0.001110
0.001132
0.001132
0.000847
