N e
63    
69
77    
96
104   
122
138   
145
155   
163
170   
189
199   
206
228   
249
256   
267
276   
293
300   
310
315   
328
338   
355
361   
397
402   
408
418   
440
457   
466
486   
494
535   
558
582  
590
602   
612
646   
652
673   
681
710   
718
738   
746
756   
799
814   
822
843   
850
870   
875
880   
888
903   
940
948   
972
978  
1009
1029  
1056
1069  
1089
1095  
1105
1114  
1129
1189  
1216
1251  
1262
1295  
1314
1340  
1348
1354  
1362
1396     
0.006926
0.007642
0.006996
0.006342
0.007090
0.007056
0.006780
0.006739
0.006228
0.006078
0.005803
0.005467
0.005288
0.004800
0.004624
0.004433
0.003991
0.004352
0.004128
0.004189
0.004019
0.004067
0.003957
0.003883
0.003801
0.003725
0.003746
0.002951
0.002890
0.002777
0.002623
0.002780
0.002601
0.002588
0.002389
0.002320
0.002301
0.002260
0.002235
0.002252
0.001921
0.001950
0.001873
0.001893
0.001781
0.001758
0.001737
0.001697
0.001679
0.001703
0.001675
0.001516
0.001504
0.001441
0.001448
0.001527
0.001542
0.001548
0.001584
0.001597
0.001532
0.001506
0.001466
0.001407
0.001388
0.001369
0.001316
0.001291
0.001244
0.001271
0.001269
0.001257
0.001235
0.001212
0.001209
0.001199
0.001162
0.001151
0.001173
0.001154
0.001108
0.001087
0.001050
0.001010
0.000924
