N e
63    73.000000
78    87.000000
93   107.000000
126   132.000000
143   150.000000
156   187.000000
209   214.000000
220   235.000000
241   264.000000
269   276.000000
299   318.000000
327   338.000000
344   381.000000
408   414.000000
472   477.000000
489   535.000000
540   550.000000
556   604.000000
610   616.000000
652   665.000000
699   705.000000
712   729.000000
786   798.000000
806   831.000000
865   879.000000
957   967.000000
992   999.000000
1011  1017.000000
1041  1049.000000
1058  1073.000000
1081  1146.000000
1163  1196.000000
1222  1233.000000
1288  1295.000000
1312  1378.000000
1425  1441.000000
1447  1489.000000
1503  1510.000000
1.704707e-02     0.021569
2.052870e-02     0.021560
2.002678e-02     0.019849
1.948702e-02     0.019564
1.861678e-02     0.017692
1.744863e-02     0.015622
1.523451e-02     0.014406
1.416091e-02     0.012733
1.217303e-02     0.011866
1.111985e-02     0.010954
1.068491e-02     0.010582
1.039705e-02     0.009965
1.002730e-02     0.009583
8.993893e-03     0.009003
8.484151e-03     0.008164
8.083024e-03     0.007768
7.765077e-03     0.007860
7.649986e-03     0.007330
7.087308e-03     0.007083
6.881966e-03     0.006657
6.630665e-03     0.006676
6.668634e-03     0.006529
6.479794e-03     0.006131
5.791119e-03     0.005614
5.497913e-03     0.005298
5.175957e-03     0.005221
5.031597e-03     0.005106
5.082495e-03     0.005119
5.032180e-03     0.004807
4.921537e-03     0.004742
4.655739e-03     0.004366
4.130280e-03     0.004040
3.854275e-03     0.003729
3.642160e-03     0.003607
3.611837e-03     0.003737
3.763274e-03     0.003743
3.688304e-03     0.003688
3.698239e-03     0.003665
