N e
63    72.000000
79    86.000000
98   105.000000
122   133.000000
145   155.000000
171   180.000000
188   195.000000
206   216.000000
222   259.000000
269   274.000000
281   297.000000
312   320.000000
325   335.000000
350   368.000000
387   393.000000
403   447.000000
465   474.000000
480   493.000000
525   542.000000
547   582.000000
588   617.000000
655   665.000000
699   705.000000
714   719.000000
1.972165e-02     0.026171
2.309775e-02     0.023261
2.019599e-02     0.019132
1.652522e-02     0.014370
1.234356e-02     0.012142
1.021347e-02     0.009869
8.798874e-03     0.009156
7.976733e-03     0.007057
7.098606e-03     0.007521
7.570416e-03     0.006639
7.005556e-03     0.006104
5.916714e-03     0.005789
5.621752e-03     0.006070
5.473212e-03     0.005305
5.206886e-03     0.005325
4.885029e-03     0.004549
4.416903e-03     0.004403
4.321904e-03     0.004095
4.173829e-03     0.003676
3.630034e-03     0.003482
3.419024e-03     0.003592
3.433326e-03     0.003411
3.152208e-03     0.003069
3.014351e-03     0.002970
