N e
63    69.000000
77    96.000000
104   122.000000
138   145.000000
155   163.000000
170   189.000000
199   206.000000
228   249.000000
256   267.000000
276   293.000000
300   310.000000
315   328.000000
338   355.000000
361   397.000000
402   408.000000
418   440.000000
457   466.000000
486   494.000000
535   558.000000
582   590.000000
602   612.000000
646   652.000000
673   681.000000
710   718.000000
738   746.000000
756   799.000000
814   822.000000
843   850.000000
870   875.000000
880   888.000000
903   940.000000
948   972.000000
978  1009.000000
1029  1056.000000
1069  1089.000000
1095  1105.000000
1114  1129.000000
1189  1216.000000
1251  1262.000000
1295  1314.000000
1340  1348.000000
1354  1362.000000
1396     0.006926
7.642298e-03     0.006996
6.342999e-03     0.007090
7.056555e-03     0.006780
6.739654e-03     0.006228
6.078592e-03     0.005803
5.467673e-03     0.005288
4.800796e-03     0.004624
4.433217e-03     0.003991
4.352732e-03     0.004128
4.189785e-03     0.004019
4.067240e-03     0.003957
3.883698e-03     0.003801
3.725780e-03     0.003746
2.951025e-03     0.002890
2.777595e-03     0.002623
2.780555e-03     0.002601
2.588911e-03     0.002389
2.320404e-03     0.002301
2.260460e-03     0.002235
2.252863e-03     0.001921
1.950145e-03     0.001873
1.893260e-03     0.001781
1.758994e-03     0.001737
1.697006e-03     0.001679
1.703071e-03     0.001675
1.516371e-03     0.001504
1.441835e-03     0.001448
1.527928e-03     0.001542
1.548351e-03     0.001584
1.597069e-03     0.001532
1.506265e-03     0.001466
1.407633e-03     0.001388
1.369473e-03     0.001316
1.291437e-03     0.001244
1.271050e-03     0.001269
1.257150e-03     0.001235
1.212399e-03     0.001209
1.199440e-03     0.001162
1.151099e-03     0.001173
1.154302e-03     0.001108
1.087795e-03     0.001050
1.010790e-03     0.000924
