N e
63    72.000000
95   109.000000
115   124.000000
140   147.000000
184   202.000000
223   230.000000
237   244.000000
258   276.000000
286   293.000000
300   324.000000
330   359.000000
376   399.000000
405   454.000000
461   474.000000
481   513.000000
523   530.000000
551   570.000000
594   600.000000
619   694.000000
704   717.000000
762   779.000000
785   807.000000
832   839.000000
880   887.000000
900   907.000000
913   946.000000
953   964.000000
970   992.000000
1074  1098.000000
1110  1116.000000
1123  1175.000000
1184  1201.000000
1268  1282.000000
1299  1316.000000
1325  1346.000000
1353  1416.000000
1433  1438.000000
1457  1525.000000
5.549302e-02     0.052086
5.115892e-02     0.039872
3.954648e-02     0.036980
5.485921e-02     0.051623
4.762162e-02     0.048602
3.943775e-02     0.038298
3.860376e-02     0.037158
3.678784e-02     0.040848
3.921061e-02     0.037558
3.531620e-02     0.034896
3.727918e-02     0.034540
3.411347e-02     0.033133
3.326313e-02     0.035587
3.536219e-02     0.033545
3.276818e-02     0.028912
2.869690e-02     0.028578
2.949160e-02     0.028375
2.770334e-02     0.027936
2.713345e-02     0.026779
2.575651e-02     0.025361
2.541468e-02     0.025640
2.534102e-02     0.025547
2.388230e-02     0.024430
2.504243e-02     0.024632
2.456001e-02     0.024883
2.452869e-02     0.024536
2.425927e-02     0.025317
2.474200e-02     0.024715
2.490174e-02     0.024227
2.467284e-02     0.024414
2.460483e-02     0.022120
2.244162e-02     0.022268
2.230790e-02     0.022465
2.286904e-02     0.022370
2.233564e-02     0.022013
2.189639e-02     0.022298
2.178841e-02     0.021473
2.033898e-02     0.020013
