N e
63    72.000000
82    89.000000
106   112.000000
121   128.000000
153   163.000000
169   187.000000
194   202.000000
217   237.000000
243   249.000000
256   263.000000
272   278.000000
299   312.000000
319   358.000000
376   382.000000
388   395.000000
419   428.000000
433   439.000000
476   481.000000
488   504.000000
510   531.000000
537   570.000000
587   593.000000
604   610.000000
615   668.000000
3.280632e-03     0.002539
2.258415e-03     0.002124
2.222705e-03     0.002309
3.048424e-03     0.002557
2.071394e-03     0.002694
2.744564e-03     0.002521
2.411501e-03     0.002811
2.609745e-03     0.002379
2.197116e-03     0.001984
1.978488e-03     0.001850
1.895409e-03     0.001823
1.710037e-03     0.001626
1.532772e-03     0.001354
1.416717e-03     0.001389
1.346074e-03     0.001484
1.362565e-03     0.001776
1.575108e-03     0.001553
1.492178e-03     0.001398
1.515486e-03     0.001314
1.322673e-03     0.001226
1.279171e-03     0.001195
1.170772e-03     0.001155
1.110293e-03     0.001132
1.132862e-03     0.000847
